-0.738095
-0.659574
